100
288
0 10 0.09084629825146934
0 11 0.14173878414171145
1 0 0.11610940133208214
1 2 0.14032258547658266
1 11 0.1276354007786544
2 3 0.06542540772797101
2 12 0.11053778288041308
3 2 0.06542540772797101
3 4 0.13555868018747
3 13 0.12176210194956616
4 13 0.1393933191743343
5 4 0.10306000239885205
5 15 0.12451504866606786
6 5 0.09274345332762363
6 7 0.10279733690778138
6 16 0.11715859993330133
6 17 0.14076067001414405
8 7 0.11552281365097827
8 9 0.09164749027557027
9 19 0.0739602462601678
10 20 0.07332456198166803
11 0 0.14173878414171145
11 2 0.13340611882728381
11 10 0.1120615676604581
12 11 0.08566199104242427
12 13 0.124020020436582
12 23 0.12652392169833954
13 2 0.13779000328053956
13 14 0.1121815634387415
13 24 0.09739157205538815
14 4 0.06747602560129216
14 15 0.058088445937671096
14 24 0.10960918332366021
14 25 0.1199314493281269
15 4 0.09263295722596795
15 6 0.13654312106395605
15 24 0.14371681333138675
15 25 0.10255834012947428
15 26 0.13664562511119668
16 15 0.09369657380791538
16 26 0.07175020739811723
17 7 0.14163324659060259
17 16 0.11517528604438161
17 18 0.10365630231556933
17 27 0.11606959298520507
18 9 0.1334906829443914
18 17 0.10365630231556933
18 19 0.08458836916368181
18 28 0.07387625740441506
19 9 0.0739602462601678
19 18 0.08458836916368181
19 28 0.11725626148043639
19 29 0.09297752695336174
20 21 0.09791749763612037
20 31 0.14198734209914632
21 10 0.11809932355174055
21 11 0.1210385864557086
22 12 0.09621074163034225
22 21 0.1295436924242761
22 33 0.14199773143470518
23 12 0.12652392169833954
23 13 0.11312293361541115
23 22 0.07025717170483121
23 24 0.11305150874105059
23 33 0.08724212795972129
24 33 0.11632587936081838
24 34 0.12758988330745855
25 16 0.10980499739689635
25 24 0.1076767140890078
25 26 0.08507508514656636
25 34 0.1432756509865489
25 35 0.07430391639026822
26 15 0.13664562511119668
26 17 0.14079098491944364
26 25 0.08507508514656636
26 35 0.10392152106929935
26 37 0.1392503290238774
27 26 0.10849218683994578
27 28 0.13153317725058014
27 36 0.13796113504511476
27 38 0.11761469322489088
28 19 0.11725626148043639
28 29 0.0810711290141477
28 37 0.14146091573031377
28 38 0.07852230195974325
29 18 0.11706354232763945
29 28 0.0810711290141477
29 39 0.0931421554038713
30 20 0.13512771213969513
30 40 0.09136502897078135
31 21 0.08957099840157744
31 30 0.09090751395655187
31 41 0.1308670642909761
32 22 0.08004231678293634
32 23 0.08917769057674822
32 33 0.10064684082439751
32 42 0.10813817291326351
32 43 0.10309528897943553
33 22 0.14199773143470518
33 34 0.0919216469638392
33 43 0.08062818540880315
33 44 0.12682016861951553
34 35 0.09939409837475299
34 43 0.1278221833273803
34 44 0.05983958701429064
35 24 0.1407438399221509
35 25 0.07430391639026822
36 25 0.140409091455611
36 26 0.11561131269293835
36 35 0.08025635476982822
36 37 0.12289145693710843
36 45 0.08620261658053503
36 46 0.07933105858133618
37 27 0.05120083965598989
37 38 0.0969847935428577
37 46 0.141733751365765
37 47 0.13812868660417563
38 27 0.11761469322489088
38 28 0.07852230195974325
38 29 0.1341275394332845
38 39 0.08737976952595329
39 28 0.10361746282730959
39 38 0.08737976952595329
40 31 0.1123505387380554
40 41 0.1026442789505762
40 50 0.13222369229998163
40 51 0.10066722435035323
41 51 0.08453128361725959
42 41 0.06808618152609192
42 43 0.1180575699067062
42 51 0.14401545423338505
42 52 0.10418316772552604
43 44 0.1239911696189799
43 54 0.1306392926214876
44 35 0.13341239488439807
45 34 0.12043524622184686
45 35 0.11203028837666737
45 44 0.0949591736237459
45 55 0.10814471213146754
45 56 0.13809477111536808
46 45 0.07920606497067462
46 47 0.12278936164036651
47 37 0.13812868660417563
47 58 0.11349092214801715
48 38 0.11679955097458297
48 39 0.1156716938644797
48 47 0.1075231335594199
48 49 0.08158201473274601
49 39 0.13971081428102372
49 58 0.09667261845819834
50 60 0.07787348638013732
51 50 0.10545261409057313
51 61 0.07866256166963186
51 62 0.1426475221960726
52 41 0.10497491181041294
52 51 0.11094780174796935
52 53 0.11085192407898627
52 62 0.07490553660843553
53 54 0.0861232520189008
53 63 0.10839142150846363
54 44 0.11921982591545381
54 55 0.11862023182897846
55 44 0.12422819271543875
55 54 0.11862023182897846
55 56 0.10516124623197502
56 45 0.13809477111536808
56 46 0.11141137897718752
56 66 0.10110674613368295
57 46 0.13587220940540115
57 47 0.10733966747708612
57 56 0.07170276911761643
58 48 0.08378574425189635
58 59 0.07371531166420424
58 68 0.14315390718347973
59 48 0.1309268340081576
59 49 0.08640980285735979
59 58 0.07371531166420424
59 68 0.14385019002069738
59 69 0.12705689690106137
60 61 0.11657308237984391
60 70 0.1028920230540507
61 50 0.11031230537463056
61 52 0.12235566691698413
61 62 0.10603916103857416
62 53 0.12536898506523197
62 63 0.10368404059691337
63 53 0.10839142150846363
63 72 0.1323013689471242
63 73 0.09357768704169589
64 54 0.1444079084634788
64 65 0.10089836976148851
64 73 0.13737805636612235
64 75 0.13245332417731434
65 55 0.13914666879321663
65 56 0.13985483183480774
65 64 0.10089836976148851
65 66 0.061921917333694614
65 75 0.09993185443796636
65 76 0.11042167941679243
66 57 0.1241699855881343
66 75 0.13983142352553748
66 76 0.08642939882471558
67 57 0.10722404206186496
67 66 0.1342951062340246
67 77 0.11963556021501241
68 67 0.06636886388835059
68 69 0.12900448315674995
68 78 0.07180951075856312
69 59 0.12705689690106137
69 78 0.12017993779044754
69 79 0.05482407897428601
70 80 0.10801832022051089
71 70 0.13906803854365582
71 81 0.0759407166475805
72 62 0.13986599300339628
72 63 0.1323013689471242
72 71 0.07179416196773294
72 81 0.10681964294078947
72 82 0.11026985906802997
73 72 0.13906901198271443
73 74 0.10640453617677233
73 84 0.10905707008717727
74 64 0.050778467923633684
74 65 0.11651772716823722
74 75 0.1039422380112041
74 84 0.10287553295118579
75 84 0.11355110305268679
75 86 0.10419484588201336
76 66 0.08642939882471558
76 67 0.1253830629532405
76 75 0.11540777291864561
77 67 0.11963556021501241
77 76 0.06837561368979302
77 78 0.12729290907004262
78 67 0.11686536510581291
78 79 0.11711911631680166
78 87 0.12500576781909634
78 88 0.12492798670360654
80 81 0.1386415950921911
80 90 0.09148809307090366
81 82 0.10166039852580726
82 71 0.14266845475651097
82 72 0.11026985906802997
82 92 0.08585032150527952
83 72 0.1341186411316345
83 73 0.07279755288121717
83 82 0.11196762799361804
83 84 0.10836828216232595
83 93 0.11680192817702902
83 94 0.13527309807549784
84 75 0.11355110305268679
84 94 0.1272551693980973
85 75 0.09388740270610124
85 84 0.11352697531523226
85 86 0.0725608939558134
85 95 0.1317544679107341
85 96 0.1085582833430807
86 75 0.10419484588201336
86 76 0.11792911310284088
86 77 0.12010873898100644
86 87 0.13296727032397476
86 97 0.1183543611378229
87 76 0.13959499958257893
87 77 0.07486807113594146
87 86 0.13296727032397476
88 77 0.12912666736177325
88 87 0.058496918310891106
88 98 0.12334500489992666
89 88 0.11193313684608006
89 99 0.05964030750510057
91 81 0.11856931196789992
91 82 0.139940828990225
91 90 0.0865843171019981
92 91 0.10234483482745799
93 82 0.11638693539799845
93 92 0.1060749119591521
94 83 0.13527309807549784
94 93 0.07878958319670142
95 94 0.0942969174198766
95 96 0.14211996332919935
96 86 0.09584230194228735
97 87 0.10629368235395466
97 88 0.11915603388285213
97 96 0.07754777032464105
98 89 0.1246668667116853
98 97 0.13008723654340087
99 89 0.05964030750510057
99 98 0.1322818699313207
0.04443717871026022 0.0810728740560332
0.1457110900326698 0.024283896576638125
0.2773243321768688 0.07294992669134222
0.3402910514637376 0.05518264669073684
0.47405570970382804 0.0771638200006532
0.5600691143044074 0.020391834625219832
0.6451997482498177 0.057190248982168075
0.7400520886068365 0.017562909882397698
0.8555669986768577 0.018914214938096648
0.9279654972883906 0.075107807745521
0.05826221206389726 0.17086106013173996
0.16834525416321336 0.14989635673103263
0.24865363665692838 0.1797047516994898
0.3724708713009274 0.17261547287840273
0.48101489491301463 0.14428001605026908
0.5390918990981993 0.14312713430100862
0.6278781258565563 0.17306129340654797
0.7422138015331852 0.15917965866946204
0.8439826976771154 0.17887028556102244
0.9230863650457748 0.1489069411782635
0.03511205747517659 0.240435205705522
0.12997724084513645 0.2646928504284445
0.25908193458485884 0.2753486611103184
0.3293151540984062 0.2771830691140088
0.437676369302643 0.2449574478152824
0.5453517452934479 0.24549425527119498
0.6304237162185059 0.24476632971071552
0.73461801973947 0.27500044486388153
0.8637629532924853 0.25004923536975465
0.9441407611914333 0.23946925630605156
0.032371382205543676 0.3755351216461869
0.12063628443020216 0.3537754541617755
0.28120796219717437 0.35227207352863865
0.3817133075302639 0.3469370826750354
0.4711722506919331 0.36807204586265246
0.5574937053446068 0.3187994037742028
0.626187109528818 0.36029999054746586
0.743999351282625 0.3253344949687141
0.8409840443845276 0.32519491531225075
0.9281551932725212 0.3312293932479108
0.07490327309020264 0.4563967737230965
0.17632319990974435 0.47220330544901623
0.24161626074928771 0.4529018982203288
0.35590870667601016 0.42332443016838006
0.4798367322365083 0.42728102266182183
0.5747702199029687 0.42948954587580984
0.6538068358263401 0.4346677764153089
0.7739156155927838 0.4601846013562112
0.8786283299348137 0.43576183112920175
0.9532821855195395 0.4686620890945869
0.030354399244534754 0.580889756033438
0.12827487654960318 0.5417511057899392
0.23816588535607264 0.557027914887495
0.3481765896554448 0.5706585425901886
0.4259264182640325 0.5336156122303164
0.5445462940015761 0.5333249592235936
0.6489441633105735 0.5459729864533072
0.7202852057711149 0.5531662304904185
0.8708635702273313 0.5191870038681853
0.9361782188033339 0.5533621974322904
0.023268726753291228 0.6584402113921544
0.13340723133761678 0.6202460581293004
0.23880064370595272 0.631930761939092
0.3317849636536362 0.6778033737937621
0.4793739555584509 0.6677685279047744
0.5802723179464855 0.667807101715959
0.6384242708428286 0.6465309596638293
0.7727192766763697 0.6466951746969436
0.8380255759840269 0.6585236726814343
0.965708803306957 0.6769397019749915
0.028187822157116668 0.7612145803202259
0.16688515455469752 0.7713619607789802
0.23867800025285912 0.771796701171664
0.3772124507654787 0.7596149067630016
0.4753037618858465 0.7183836079515251
0.5672363427739274 0.7668850451883149
0.6747567759229293 0.7249528319687304
0.7336110199308153 0.7597580400519471
0.8568337857860925 0.7278263211115317
0.973905801931163 0.7311475321191092
0.026136484304274774 0.8692134206671219
0.16301996863050197 0.8472042496600491
0.2591970468481497 0.8801406467602546
0.3594114753738472 0.8302025046864339
0.4673843762851092 0.8209538697806603
0.5737846142076106 0.8605438116126515
0.6429167834673402 0.8385023392228381
0.7748836681047774 0.8222224025983202
0.8268400715476876 0.8491003041746825
0.9346040460240274 0.8793650184351224
0.061925664867944694 0.953410841817246
0.14775933041794231 0.9647873890206162
0.2501016296977564 0.9655078013890707
0.3545321265222354 0.9469024720414255
0.4332501668516809 0.9435456063899983
0.5198885852153252 0.9807705052929794
0.6539883060111974 0.9337030126981736
0.7300508633687754 0.9185985745905038
0.8493942892220497 0.9703657052537225
0.9734987988616165 0.9245774556731856
